猴子移除砖块题目
假定存在很多砖块堆叠，砖块累放顺序是在[0,1,2,3,4,5,6,7,8,9]的积木上，
假定砖块：blocks=[[2,3,3],[4,5,2],[3,4,2],[0,1,4],[1,3,3],[7,8,2],[6,7,2],[8,9,2]]
每块砖的含义如下：[left,right,time],其中left代表在积木上的左侧位置，right代表在积木上的右侧位置，time代表需要拆除的时间
堆放规则：砖块之间不可重复堆叠，如果没有对应的位置存放，则往上堆叠一层，比如：
[2,3,3],[4,5,2],[3,4,2]这三块砖，依次在：[2,3,3],[4,5,2]在第一层，而[3,4,2]由于3和4被占用将堆在第二层
依次按顺序砖块堆放完毕，现在需要将堆放完毕的砖块进行拆除(可能存在多种拆除方案)，拆除规则如下：
1. 如果当前砖块被其他砖块压着，则不能优先拆除，必须先拆除之上的砖块；
2. 拆除时间不超过指定的时间
请实现函数来计算最多可能拆除的砖块数量
function removeBlocks(blocks,time) {

}
// 示例，blocks =[[2,3,3],[4,5,2],[3,4,2],[0,1,4],[1,3,3],[7,8,2],[6,7,2],[8,9,2]], time=7
// 拆除完毕的最后结果是3
